3.60012e-05
2.69413e-05
2.81334e-05
2.69413e-05
2.69413e-05
2.7895e-05
2.71797e-05
2.69413e-05
2.7895e-05
2.71797e-05
2.7895e-05
2.69413e-05
2.81334e-05
2.69413e-05
2.7895e-05
2.71797e-05
2.7895e-05
2.81334e-05
2.69413e-05
2.69413e-05
2.81334e-05
2.69413e-05
2.69413e-05
2.69413e-05
2.81334e-05
2.69413e-05
2.69413e-05
2.81334e-05
2.69413e-05
2.7895e-05
2.71797e-05
2.69413e-05
2.7895e-05
2.71797e-05
2.69413e-05
2.7895e-05
2.69413e-05
2.81334e-05
2.69413e-05
2.69413e-05
2.71797e-05
2.7895e-05
2.69413e-05
2.81334e-05
2.69413e-05
2.69413e-05
2.81334e-05
2.7895e-05
2.69413e-05
2.81334e-05
0.00137901
