0.000298023
0.00030303
0.00028491
0.000285149
0.00028491
0.00028491
0.000285149
0.000287056
0.000285864
0.000286102
0.00028491
0.000308037
0.000285864
0.000284195
0.000285864
0.000283957
0.000286102
0.000287056
0.000285864
0.000286102
0.000283957
0.00028491
0.000286102
0.000287056
0.000289917
0.000283957
0.000285149
0.000285864
0.000286102
0.00028491
0.000287056
0.000286102
0.00028491
0.000285864
0.000285149
0.000282049
0.000280857
0.00029397
0.000287056
0.000282049
0.000282049
0.000279903
0.000282049
0.000281096
0.000281811
0.000281096
0.000283003
0.000282049
0.000281811
0.000281096
0.014292
