0.00209093
0.00205207
0.00201893
0.00201702
0.00201702
0.00201392
0.00201893
0.00201511
0.00201607
0.00201678
0.00201511
0.00203204
0.00201702
0.00201988
0.00201702
0.00201797
0.00202608
0.00201392
0.00201416
0.00201583
0.00201511
0.00201583
0.00201607
0.00201607
0.00201607
0.00201392
0.00201702
0.00201488
0.00203514
0.00201392
0.00201702
0.00202703
0.00201702
0.00201488
0.00201297
0.00201416
0.00201797
0.00201607
0.00202179
0.00201201
0.00202107
0.00201702
0.00201607
0.00201702
0.00203085
0.00201702
0.00201607
0.00201488
0.00201607
0.002002
0.100979
